# Position (bp)	A	C	G	T	N
0.0	17.61907524511226	31.612229506294597	34.382433138017056	16.35145326913036	0.03480884144572721
1.0	19.51446985620624	26.811342028703073	31.2838430379042	22.390345077186485	0.0
2.0	18.31779544831368	29.143131340828077	31.080340005483958	21.45873320537428	0.0
3.0	21.65500149786214	26.962880252730194	30.57136632261227	20.79441161251668	0.016340314278711295
4.0	23.864389359946987	24.16595669871665	30.135096758489187	21.834557182847174	0.0
5.0	24.290968863259724	26.175880141738862	28.671130812034328	20.862020182967083	0.0
6.0	23.43330108567129	22.925400408470388	25.30500913683758	28.336289369020744	0.0
7.0	20.714391064748394	26.648878400665048	27.11146270497848	25.52526782960808	0.0
8.0	20.25011703337123	26.75182237678058	27.391158964756237	25.606901625091954	0.0
9.0	26.97134769953804	22.39178616251435	26.732356004165663	23.90451013378194	0.0
10.0	23.974511084745313	25.56890139042566	29.870822390785595	20.58576513404343	0.0
11.0	22.023674784623374	25.93707141050053	28.513601683066803	23.49768977776594	0.027962344043354948
12.0	23.09390795424315	23.986432561851558	28.532854482575154	24.386805001330142	0.0
13.0	23.837487378434393	25.750651007068075	25.98049635967476	24.43136525482277	0.0
14.0	22.901158393376058	26.308666056287567	28.125207329856828	22.664968220479544	0.0
15.0	23.490306914533658	25.560288205087378	26.91241059936574	24.03699428101323	0.0
16.0	23.198386476122234	27.871767312872365	26.526279474012448	22.403566736992957	0.0
17.0	22.948927192388837	27.54269336411767	26.818199912423868	22.690179531069624	0.0
18.0	22.42479731433197	27.165850616350195	28.179610684288047	22.22974138502979	0.0
19.0	23.65086315565994	27.664769183816993	26.061860594721548	22.62250706580152	0.0
20.0	22.67691042023274	27.753672226424108	26.670912782134472	22.898504571208683	0.0
21.0	23.025888035242758	27.222907792948796	25.7951514669002	23.95605270490824	0.0
22.0	22.042646922229743	25.947746241524356	27.12206255058848	24.887544285657416	0.0
23.0	21.706938418056605	26.925679710202623	28.107957485768882	23.259424385971897	0.0
24.0	23.262078208139272	24.867640619402092	27.628942584557407	24.240011676817534	0.001326911083688282
25.0	23.159906054695277	24.835794753393575	28.807239626872605	23.197059565038547	0.0
26.0	23.546037180048565	25.562942027254753	27.841248357947535	23.049772434749148	0.0
27.0	23.194405742871172	25.772593978477502	28.28443665989942	22.70742937515757	0.04113424359433674
28.0	23.61105582314929	27.57851996337725	26.858007244934516	21.949763146371563	0.002653822167376564
29.0	23.895014795058582	26.46126083091172	26.148109815161284	23.494287647784724	0.001326911083688282
30.0	23.393442405424413	26.14014834865916	26.71735467006356	23.746400753685496	0.002653822167376564
31.0	23.80478484136778	27.394079322744584	25.673075647200882	23.12673327760307	0.001326911083688282
32.0	23.66828569153595	27.661438012580618	26.153886986755847	22.512408100432623	0.003981208694959789
33.0	23.847317707642077	27.908581742892792	25.994744246542616	22.249356302922518	0.0
34.0	23.898327581629943	27.14494292540483	27.49668170958322	21.460047783382002	0.0
35.0	23.746050290751704	27.180637795066513	27.50590796845543	21.567403945726348	0.0
36.0	23.244420250408275	27.474540940292364	26.9686790498825	22.312359759416864	0.0
37.0	22.921563159781698	27.328738928946077	27.028641994980678	22.721055916291547	0.0
38.0	23.008990584454388	26.623816416780656	27.33562635290368	23.031566645861275	0.0
39.0	22.659176029962545	26.525353945865543	27.56394931867081	23.251520705501104	0.0
40.0	22.899952181074333	26.3694808989958	27.61410126985814	23.11646565007173	0.0
41.0	23.26863550011292	25.81935089607163	27.847966734420044	23.0640468693954	0.0
42.0	23.977626019716737	26.45151861398241	26.888634974623336	22.682220391677518	0.0
43.0	23.5330853042785	26.16130746744619	26.733988838692536	23.57161838958278	0.0
44.0	23.659943128969676	27.679449360865288	26.409152515347206	22.251454994817827	0.0
45.0	23.90249737503157	26.951448052206967	26.65638830925451	22.489666263506958	0.0
46.0	22.76552466796953	28.353208630798072	26.29654741488188	22.584719286350524	0.0
47.0	24.166312094458036	28.828050207424745	25.17418359748963	21.831454100627592	0.0
48.0	22.675764105019553	28.72476258877983	26.31473944617349	22.284733860027135	0.0
49.0	23.55656662409536	28.10238399318859	26.547200936568753	21.793848446147297	0.0
50.0	23.150526329797852	28.848994583660488	25.789494696778142	22.210984389763517	0.0
51.0	23.465910603519422	27.97699864228097	26.488832095413038	22.068258658786572	0.0
52.0	24.637160128891374	26.959335303986578	26.38278607760113	22.019386967058136	0.0013315224627839471
53.0	23.46226591012014	27.21036788406724	25.987639521564237	23.339726684248383	0.0
54.0	22.672636656805523	26.274619546387356	28.0589536526212	22.992457557101357	0.0013325870845659763
55.0	22.75599157580443	25.945722588040844	28.7355708992029	22.55738316760417	0.0053317693476580205
56.0	22.924500626716803	26.816812011627594	27.447529135664183	22.808491345974343	0.0026668800170680323
57.0	23.434227552259117	26.453050171417903	27.820391393087256	22.27632298600643	0.016007897229299788
58.0	22.64526116315691	27.085168281420984	27.641657992366614	22.62791256305549	0.0
59.0	23.755489994526695	26.28122121507429	26.796513102564447	23.166775687834573	0.0
60.0	23.130269786335635	27.543861993398988	27.25256223525796	22.073305985007416	0.0
61.0	23.619078182036983	26.75464987230401	26.937836789816412	22.687098025057832	0.0013371307847620576
62.0	22.73396312254128	29.150052185083098	27.051944228865043	21.062702384456873	0.0013380790537104931
63.0	22.833569955265062	28.46963649513809	26.20878090594948	22.470600841124	0.017411802523371996
64.0	21.155418537631526	28.56376918437102	27.684471550164197	22.57757522954226	0.01876549829099926
65.0	22.668866355491176	28.397446214925694	26.574655292665916	22.344278126508932	0.014754010408283707
66.0	23.077749573579382	27.507151778879084	26.918892783754384	22.489490578454678	0.006715285332473777
67.0	22.516663083207913	28.594657062997204	26.496989894646312	22.30434315201032	0.08734680713824984
68.0	23.637659909334268	26.43565288744804	26.318621450382707	23.608065752834985	0.0
69.0	21.51424994278483	27.880615500599077	27.791763708081476	22.81337084853462	0.0
70.0	22.47403210576015	26.426547956293	28.54984486712532	22.54957507082153	0.0
71.0	22.562493236662696	25.96715723406558	28.32215128232875	23.14819824694297	0.0
72.0	22.867422442468264	26.347159052338604	28.892811078677617	21.889892064354083	0.0027153621614282807
73.0	22.85056469081645	25.733280656103975	27.918477446425893	23.496314864515075	0.0013623421386046893
74.0	22.65098125749907	25.55820656746059	29.001917003406476	22.788895171633865	0.0
75.0	23.017957271630348	26.896160124920147	27.932429554971964	22.15203350131308	0.001419547164454539
