# Position (bp)	A	C	G	T	N
0.0	15.395076419045264	30.096277179372265	36.92685716051863	17.580243860977607	0.001545380086232209
1.0	17.88425398422587	26.78346823717427	33.4083073144024	21.923970464197456	0.0
2.0	18.982867658872156	28.213591949406286	32.92242978369141	19.881110608030145	0.0
3.0	23.116430903155603	25.09249183895539	32.98948132027566	18.801595937613346	0.0
4.0	23.869278036004662	23.60161747564433	33.14961649710034	19.370853779626138	0.008634211624526917
5.0	25.200941554713513	24.668446434722703	30.49288092777586	19.63773108278792	0.0
6.0	20.997551931969475	23.574465648308543	27.0017608910395	28.426221528682483	0.0
7.0	20.067386214379532	26.98589458054937	28.29507166923648	24.651647535834616	0.0
8.0	20.243992711536272	27.72036214554151	27.90684432297005	24.128800819952172	0.0
9.0	26.91323629747555	24.424323402319764	27.28280645894928	21.3796338412554	0.0
10.0	22.182443279489693	27.681882112261857	30.92386594496299	19.211808663285456	0.0
11.0	20.53230319126273	27.50280495945236	30.16148045049779	21.80341139878712	0.0
12.0	22.366180393937675	26.115399897825963	28.461145484475225	23.054436056082192	0.0028381676789464723
13.0	22.520593781457798	27.606300775545506	27.13275013823709	22.74035530475961	0.0
14.0	22.145843668060376	28.46148394869251	28.43455460279215	20.958117780454963	0.0
15.0	22.792147969669053	28.189355821699387	26.910920558429595	22.10474098221246	0.002834667989511728
16.0	22.205371695840125	28.567783998299202	27.966834384522716	21.255757919353695	0.004252001984267593
17.0	21.85529019913543	27.96116504854369	27.78683296718872	22.39671178513217	0.0
18.0	22.318758415420596	26.691233789242435	29.538657784706967	21.451350010630005	0.0
19.0	22.826163985543193	27.86903833888456	27.897385018779673	21.407412656792573	0.0
20.0	23.25561618595422	27.238324711218198	27.41265679257317	22.09340231025441	0.0
21.0	22.56395719651336	26.990291262135923	27.49911416625328	22.946637375097442	0.0
22.0	21.503791368435973	26.86131386861314	28.944794840904258	22.69009992204663	0.0
23.0	22.488838494791295	26.821628516759976	28.747785415633192	21.941747572815533	0.0
24.0	23.010417404861457	26.127134859329605	29.265112323719084	21.595918078095103	0.001417333994755864
25.0	22.780809297711006	26.156898873219475	28.9178654950039	22.14300900007087	0.001417333994755864
26.0	22.61214655233506	27.388562114662317	28.607469350152364	21.39182198285026	0.0
27.0	22.566791864502868	27.808092977110054	28.085890440082206	21.52505137835731	0.014173339947558643
28.0	22.442066472964353	29.041173552547654	27.6975409255191	20.80504570902133	0.014173339947558643
29.0	23.61987102260648	26.698320459216212	28.32116788321168	21.34646729501807	0.014173339947558643
30.0	22.945220041102683	27.26525405711856	27.83077032102615	21.958755580752605	0.0
31.0	22.475796277658866	27.720526741037887	27.821168866145975	21.98250811515727	0.0
32.0	22.396268942347223	26.99204740371121	28.931290135094905	21.68039351884666	0.0
33.0	22.56765760784814	27.6570407859482	28.572846226909938	21.202455379293724	0.0
34.0	23.072778573352807	27.32351231408357	28.64920812715337	20.954500985410256	0.0
35.0	22.390493611831936	28.31497000893351	28.24265112519675	21.051885254037806	0.0
36.0	22.931408556559223	27.10475191083254	27.479119102653186	22.484720429955047	0.0
37.0	21.786053635499837	28.156510147065077	28.244437195978044	21.812999021457035	0.0
38.0	21.714399194291957	26.548647460175612	29.137410102557553	22.599543242974878	0.0
39.0	21.66881818052856	27.595647794816507	28.713489282623804	22.022044742031124	0.0
40.0	22.631257891078292	27.502801776113262	28.91574810968776	20.95019222312068	0.0
41.0	22.675878505866162	26.538892593170566	28.471108967356606	22.314119933606662	0.0
42.0	22.0016742100708	27.327932350562563	29.175238716817297	21.49515472254934	0.0
43.0	21.983058302708685	28.204946294535805	28.51001035798913	21.300566142145662	0.0014189026207131405
44.0	21.8335343787696	28.703611722131555	27.975590718796568	21.48016745902221	0.007095721280068119
45.0	22.699081761541844	27.575538241012758	27.896283050197983	21.82058159833099	0.00851534891642185
46.0	22.04715467927153	27.930843588979258	27.987622251557866	22.028701613933485	0.005677866257860297
47.0	21.555823692242175	28.876428419334232	28.00056781886578	21.565760522393358	0.001419547164454539
48.0	22.0988670887873	28.446293194014594	28.386666288083134	21.068173429114967	0.0
49.0	22.50113584734212	26.476601544752388	28.552362562471608	22.469900045433892	0.0
50.0	22.139084507042252	28.15907542026352	28.42457973648342	21.277260336210812	0.0
51.0	23.741977622536492	27.77730448117226	27.760265803373656	20.72045209291759	0.0
52.0	22.47593081707421	27.553889409559513	27.400528244014655	22.429070460935502	0.14058106841611998
53.0	22.85121854229393	27.817701528148607	27.668579219451228	21.659660285178663	0.002840424927569164
54.0	22.382866313502152	26.791268409765518	28.77817386487907	22.043430713950947	0.0042606979023163995
55.0	22.470633353692314	27.004531056915187	28.896495887959322	21.615556155277474	0.012783546155703592
56.0	22.603372111191604	26.437124472663744	28.79078422181503	22.153094416272495	0.015624778057129871
57.0	21.9723552057733	26.65463895557797	29.231599732927986	22.12293836034833	0.018467745372409188
58.0	22.62931340654345	27.956699009816592	28.01210382009064	21.394780582744954	0.007103180804364195
59.0	23.28455746554908	27.21551356726808	26.979684614291806	22.520244352891037	0.0
60.0	22.394442234471786	27.730579075978863	28.131215548104795	21.743763141444564	0.0
61.0	22.80736656624794	27.498152674359122	27.753936224634796	21.940544534758143	0.0
62.0	22.12385607912238	28.636389473085888	28.04808730745183	21.19166714033991	0.0
63.0	21.68926409141298	28.30505102185839	27.563173303771922	22.44251158295671	0.0
64.0	21.35821595576844	27.75558935145046	28.86564236678653	22.020552325994572	0.0
65.0	22.631908119172163	27.814418921992267	28.250795997270867	21.302876961564703	0.0
66.0	21.259506716895302	28.14841140095245	29.33968299097306	21.25239889117919	0.0
67.0	20.54030996729703	28.41603867481871	28.681928053462247	22.36172330442201	0.0
68.0	20.6473357129652	27.591404883459663	29.445811231672803	22.31544817190233	0.0
69.0	20.21063118195403	27.537180673165874	30.18714865153348	22.065039493346617	0.0
70.0	21.80158888351035	27.0252569833993	30.22580369600501	20.947350437085337	0.0
71.0	21.337211789365615	28.626427685331734	29.0242546092313	21.012105916071352	0.0
72.0	21.19194891647501	28.47592246046598	29.23731840063997	21.09481022241904	0.0
73.0	20.990552533638706	27.907243057543656	29.249928428285145	21.852275980532493	0.0
74.0	21.718325333950155	27.769906898745155	29.23581796102469	21.275949806279996	0.0
75.0	21.828669280338875	28.721854205158248	29.10489237378517	20.344584140717707	0.0
