# Position (bp)	A	C	G	T	N
0.0	24.23887587822014	26.691562757136527	27.45426925754795	21.365276283309072	0.2500158237863156
1.0	25.017715746988323	22.913393104723173	27.719752287642113	24.056443910404536	0.29269495024185843
2.0	24.435437174290676	24.5969585225368	27.007588455794963	23.94173041172706	0.018285435650504372
3.0	26.695749644036475	22.439334726892664	26.241328122633224	24.608440122390864	0.015147384046775122
4.0	28.06657821734411	20.54939090580147	26.96598721505247	24.267277771077072	0.15076589072488242
5.0	28.573147618904365	22.62567311452724	24.5630396197467	24.202039649830027	0.03609999699166692
6.0	26.32353824890331	21.639324559822125	22.159125052580976	29.87200288444204	0.006009254251547383
7.0	25.140200929674617	23.409806567701306	23.08591992802519	28.343079922027293	0.020992652571599938
8.0	24.046350080843165	24.92963650517995	23.369662854063115	27.64836217737589	0.00598838253787652
9.0	29.54660928300308	21.883499207985892	22.91461191308766	25.649302130966255	0.0059774649571116886
10.0	27.882518151124923	23.358929158325616	24.78114075711853	23.971436254444413	0.0059756789865248435
11.0	25.58667223980414	24.01027049620828	24.79847136800621	25.6016002866185	0.002985609362870962
12.0	26.30793565523622	23.47867609753186	23.26379562479482	26.949592622437102	0.0
13.0	26.44250850289397	23.754400620562084	23.879706426397757	25.920400978578673	0.002983471567515962
14.0	26.05688390674378	23.814918609504502	23.630075725955518	26.474271063144716	0.023850694651481725
15.0	26.751535388468188	23.695665136247094	23.051696380657084	26.492159084133327	0.008944010494305647
16.0	26.480233736807584	23.639019736449825	23.588337010315424	26.292409516427167	0.0
17.0	26.477252399976148	23.740385188718623	23.325979369149128	26.32818555840439	0.12819748375171428
18.0	26.679983304513744	23.805974599010195	23.27231530618329	26.24172679029277	0.0
19.0	26.58756186273925	22.956293602051158	23.89839604078469	26.5577484944249	0.0
20.0	26.173156043169758	23.71653449406714	23.975910798402005	26.068809254069524	0.06558941029157474
21.0	26.58756186273925	23.096416433128613	23.668833104764175	26.644207262536522	0.0029813368314352156
22.0	25.442728519468126	23.776161230695845	24.440999344105897	26.32520422157295	0.014906684157176076
23.0	26.43849502116749	23.415419474092182	24.062369566513624	26.074771927732392	0.008944010494305647
24.0	26.948303619342912	23.185856538071672	23.981873472064873	25.88396637052054	0.0
25.0	26.760479398962495	23.030827022837038	24.473794049251683	25.73489952894878	0.0
26.0	26.861844851231293	23.027845686005605	24.26510047105122	25.836264981217578	0.008944010494305647
27.0	27.18084789219486	23.01293900184843	23.767217220201537	26.006201180609384	0.03279470514578737
28.0	27.007930355971617	23.975910798402005	23.463120863395144	25.55303798223123	0.0
29.0	26.492159084133327	23.245483274700376	24.461868701925944	25.794526265577485	0.005962673662870431
30.0	26.569673841750642	23.719515830898573	23.877526682964643	25.83328364438614	0.0
31.0	26.413575092449005	23.56554932601694	23.610282715018492	26.377788381247765	0.03280448526780389
32.0	26.231659310509365	23.586424907550995	24.46618155791483	25.71573422402481	0.0
33.0	26.808827915299734	23.549060542797495	24.011333134506412	25.62481359976141	0.005964807634953773
34.0	26.68257756563246	23.791766109785204	24.278042959427207	25.22673031026253	0.020883054892601432
35.0	27.016706443914078	24.06921241050119	23.648568019093076	25.265513126491644	0.0
36.0	26.92422434367542	23.37112171837709	24.388424821002385	25.310262529832933	0.0059665871121718375
37.0	26.35897129900352	23.482904707918134	24.100483322393938	26.042723312846828	0.014917357837579808
38.0	25.94062360137252	24.31448605102193	23.71773832612263	26.02715202148292	0.0
39.0	26.482437554089945	23.110209197529024	23.733922229848698	26.66746247276851	0.005968545763824644
40.0	25.56626577934286	23.575755767107346	24.924647109731715	25.93333134381808	0.0
41.0	26.28861363975526	23.551708700194002	24.04417251156544	26.1155051484853	0.0
42.0	26.34987911530311	23.25761872071158	24.353043011073634	26.039459152911682	0.0
43.0	26.604162312262996	24.104983428383743	23.639186647158937	25.651667612194323	0.0
44.0	26.81936273777884	23.791322005554395	23.558395795383284	25.830919461283486	0.0
45.0	26.25795084659719	23.531519694209692	24.051124316899095	26.144473974975362	0.014931167318660973
46.0	25.836891928210946	24.463224534894138	23.92271627795861	25.777167258936302	0.0
47.0	26.128117067343588	23.92414513961475	24.139166791100493	25.808571001941168	0.0
48.0	26.47093960934233	24.01588913446031	23.74111462875575	25.772056627441607	0.0
49.0	26.191756272401435	24.19952210274791	24.02329749103943	25.58542413381123	0.0
50.0	26.04695621004839	24.389151084294163	23.81564012187108	25.748252583786368	0.0
51.0	26.745922695501523	23.866419738335622	23.636417946113866	25.751239620048988	0.0
52.0	26.25463018281754	23.829011829370295	23.54522643087585	26.371131556936312	0.0
53.0	25.740917782026767	24.00812619502868	24.444311663479922	25.806644359464627	0.0
54.0	25.697639677322975	23.51359426351957	24.275470570660293	26.513295488497164	0.0
55.0	25.864953689871527	24.182850313713775	23.919928293994623	26.029279952195992	0.002987750224081267
56.0	25.86649934265567	23.643480339428706	24.716146767061073	25.77387355085455	0.0
57.0	26.08916512281121	23.737524651885497	24.35008665511265	25.82322357019064	0.0
58.0	25.868045180182875	24.042311599832665	24.206657503137514	25.87999760951413	0.002988107332815395
59.0	26.040701670501747	24.346292920539103	24.26261841436811	25.317514867166725	0.0328721274243194
60.0	25.812139505693192	24.39855353994202	23.349571142524134	26.42778159648546	0.011954215355189625
61.0	25.904784674695915	24.33579390932728	23.932339141089624	25.827082274887182	0.0
62.0	26.376976181225903	24.09073249454589	24.362690893876454	25.169600430351753	0.0
63.0	26.359832635983267	24.05558876270173	23.6252241482367	25.92647937836222	0.0328750747160789
64.0	26.224706339480523	24.081657052335835	24.07567923005649	25.611979555847803	0.005977822279343635
65.0	26.190405021670905	23.592885966223285	24.172769391720223	26.043939620385594	0.0
66.0	25.605381165919283	25.18385650224215	23.853512705530644	25.35724962630792	0.0
67.0	26.533723989476204	24.53958383161923	23.27493422626166	25.651757952642907	0.0
68.0	25.492658712359077	24.51481714063575	23.7791932059448	26.213330941060377	0.0
69.0	25.3941660433807	23.697830964846673	24.397905759162303	26.51009723261032	0.0
70.0	25.370364828060932	24.409660910424087	25.041151647562327	25.17882261395265	0.0
71.0	25.89440882123809	24.354287768921914	24.195481512554686	25.555821897285313	0.0
72.0	26.6007334816329	23.492454758612396	24.08164492274394	25.82516683701076	0.0
73.0	25.953370684981024	24.109886137719137	24.1731429604193	25.763600216880533	0.0
74.0	25.81979679990266	23.66307720386932	24.593903997079757	25.92322199914826	0.0
75.0	25.412190856857357	24.828253809642767	24.70647014738946	25.05308518611042	0.0
