# Position (bp)	A	C	G	T	N
0.0	17.025948103792416	29.075848303393215	34.902195608782435	18.996007984031937	0.0
1.0	18.305711150892186	27.714577197744028	33.61821716617582	20.32877134222633	0.03272314296163693
2.0	19.083200243364516	28.992699064567645	32.06517605901589	19.858924633051945	0.0
3.0	21.160893052774735	26.984246911714706	32.429828869328695	19.425031166181856	0.0
4.0	23.089495040577095	25.056357078449054	31.794785091674182	20.0556056507364	0.003757138563270213
5.0	23.342204895602954	26.519098849195938	30.46069648011396	19.677999775087155	0.0
6.0	22.292850732874665	24.805563864792102	27.29584205803171	25.605743344301523	0.0
7.0	20.753134956865228	28.17827796306993	28.293800890644505	22.774786189420336	0.0
8.0	19.728473126278594	28.372698530779246	28.625627673423843	23.273200669518317	0.0
9.0	24.714970104356222	25.02878152040703	28.313588591376686	21.942659783860066	0.0
10.0	21.613848894166544	27.935282766810154	30.961481371530354	19.48938696749295	0.0
11.0	21.21554744119664	28.381308965542807	29.43411614242553	20.969027450835018	0.0
12.0	22.210694037870084	26.744358394782676	28.988031274317265	22.05691629302998	0.0
13.0	21.91479123482381	27.546639028723718	27.824252294936336	22.714317441516137	0.0
14.0	21.779504254532	28.063263041065483	29.24713281539031	20.91009988901221	0.0
15.0	22.30299667036626	27.809840917499073	28.607103218645946	21.278209396966332	0.001849796522382538
16.0	21.45763965963744	28.690344062153162	29.319274879763224	20.532741398446174	0.0
17.0	22.354790972992973	28.02441731409545	28.39622641509434	21.222715501294857	0.001849796522382538
18.0	21.890492045874954	27.42878283388827	29.437661857195707	21.243063263041066	0.0
19.0	21.775804661487236	28.25934147243803	28.47761746207917	21.48723640399556	0.0
20.0	21.783203847576765	28.2944876063633	28.612652608213097	21.309655937846834	0.0
21.0	21.342952275249722	28.523862375138737	28.17610062893082	21.957084720680726	0.0
22.0	21.281908990011097	26.9811320754717	29.276729559748425	22.460229374768776	0.0
23.0	20.723270440251575	27.787643359230486	29.733629300776915	21.75545689974103	0.0
24.0	21.637069922308548	27.48612652608213	29.520902700702923	21.3559008509064	0.0
25.0	21.95153533111358	27.082870884202737	29.646688864224934	21.317055123936367	0.001849796522382538
26.0	22.34739178690344	28.037365889752124	28.653348131705513	20.958194598594154	0.003699593044765076
27.0	22.119866814650386	27.889382167961525	28.83092859785424	21.15057343692194	0.00924898261191269
28.0	21.84424713281539	28.235294117647058	28.81058083610803	21.098779134295228	0.011098779134295227
29.0	22.11431742508324	28.40917499075102	27.909729929707733	21.557528671846097	0.00924898261191269
30.0	21.881243063263042	28.407325194228633	27.809840917499073	21.901590825009247	0.0
31.0	21.796152423233444	28.777284498705143	28.407325194228633	21.01923788383278	0.0
32.0	22.267850536440992	28.172401035886054	28.275989641139475	21.283758786533483	0.0
33.0	21.95338512763596	28.512763596004437	28.81982981871994	20.71402145763966	0.0
34.0	21.920088790233073	27.963374028856826	29.13429522752497	20.982241953385127	0.0
35.0	22.003329633740286	27.991120976692564	28.97151313355531	21.03403625601184	0.0
36.0	22.088420273769884	28.39437661857196	28.059563448020718	21.45763965963744	0.0
37.0	21.488031373709717	28.77094972067039	27.76092345258796	21.98009545303193	0.0
38.0	21.96322196322196	27.48177748177748	28.382728382728384	22.172272172272173	0.0
39.0	21.61252127580848	27.91386072670761	28.763042995633835	21.71057500185007	0.0
40.0	21.54196269982238	27.904825340438126	29.209221432800476	21.343990526939017	0.0
41.0	21.941154700222057	27.155810510732792	29.3319763138416	21.571058475203554	0.0
42.0	22.17780738766748	27.69449996298764	28.984380783181585	21.143311866163298	0.0
43.0	21.95140007032739	28.33823774360113	28.649158847371055	21.061203338700423	0.0
44.0	21.389038002332338	29.263461858837903	28.33793014086593	21.00956999796383	0.0
45.0	22.19589403728318	28.328921305466597	27.997556415335346	21.4720746404043	0.005553601510579611
46.0	21.57468944961771	28.864986948553234	28.33367273265824	21.226650869170815	0.0
47.0	21.554325490123478	29.061221467315846	28.328118925523448	21.056334117037228	0.0
48.0	21.903175043969267	28.81606961029344	28.34212718689253	20.938628158844764	0.0
49.0	21.597704341386653	28.34768119966676	28.703138017217437	21.35147644172915	0.0
50.0	21.549968526678267	28.599992594512536	28.4592883326545	21.3907505461547	0.0
51.0	22.023258397837118	28.7637494907596	28.39524462056961	20.817747490833675	0.0
52.0	22.52657702707708	28.201281623884135	27.903100344482723	21.35978071637589	0.009260288180168167
53.0	22.29220310097623	27.743919382027677	28.09217716688587	21.87170035011022	0.0
54.0	21.468800948569736	28.132873869868092	28.79613161405069	21.592930191196086	0.009263376315399436
55.0	21.847322586622198	28.463961460070408	28.706688901241428	20.96905688345377	0.01297016861219196
56.0	21.43280705655622	28.254021199318064	28.861833815136016	21.43466014379957	0.016677785190126748
57.0	22.475346630088232	27.841625268777342	28.527470897901686	21.137020834878033	0.018536368354711945
58.0	21.826272364883657	28.767961435060723	28.473162139612494	20.92704180958561	0.005562250857513674
59.0	22.684618523051817	27.743778049775603	27.717814621119395	21.85378880605319	0.0
60.0	21.710575139146567	28.97959183673469	28.18181818181818	21.12801484230056	0.0
61.0	22.063244627547043	28.10191886575363	28.21512081060016	21.619715696099174	0.0
62.0	21.78102027177545	29.35323383084577	28.31736838197074	20.548377515408035	0.0
63.0	21.45576083929069	29.24705226998422	28.240646179556215	21.056540711168882	0.0
64.0	20.85539639187708	28.99875517901269	29.05635137394794	21.08949705516229	0.0
65.0	21.968584440933174	28.33348824240171	28.51380239799238	21.18412491867274	0.0
66.0	21.611217525523962	29.135439718817995	28.2725531400517	20.980789615606348	0.0
67.0	20.96099112673698	29.746823669475603	28.120988894469555	21.171196309317857	0.0
68.0	21.247835558286322	28.29507158949152	28.885289243888362	21.31858720140014	0.25321640693366104
69.0	21.21686612235768	28.82600753085039	28.658241061775342	21.298885285016592	0.0
70.0	21.35954930418237	27.88680371600194	29.632876916763053	21.064806178412866	0.055963884639779124
71.0	20.772034769604637	28.72044116272549	29.58968127862417	20.917842789045704	0.0
72.0	21.606892031089053	28.36969753722259	29.19374473265287	20.82966569903549	0.0
73.0	21.840352687365165	28.729012287777884	28.843448081793454	20.5871869430635	0.0
74.0	21.694582025785476	28.216567734129832	29.492608416197207	20.596241823887482	0.0
75.0	21.340797378481703	28.922524771787472	29.004447218537884	20.732230631192948	0.0
