# Position (bp)	A	C	G	T	N
0.0	18.91036655211913	29.5446735395189	32.80927835051546	18.70274914089347	0.03293241695303551
1.0	20.288663815322032	25.35978489530364	30.71929115758091	23.632260131793423	0.0
2.0	20.473317482786584	27.993623132636092	30.305237552052557	21.22507318279895	0.00274864972582219
3.0	23.384884181215106	26.04114057957167	29.367603499815726	21.200911808465623	0.005459930931873712
4.0	24.87344778448802	23.7850308746692	29.3438284589808	21.99769288186198	0.0
5.0	25.43168777741691	25.23411280718848	28.03264046768431	21.301558947710294	0.0
6.0	23.164162177487952	23.61780550042529	25.0178892084194	28.20014311366735	0.0
7.0	21.51982230598371	26.21121356936124	27.301608669314128	24.96735545534092	0.0
8.0	21.519140362659503	26.404298186702484	27.110812625923437	24.965748824714574	0.0
9.0	26.24798927613941	24.10053619302949	26.310991957104555	23.340482573726543	0.0
10.0	24.158259308385922	26.272492195559842	28.126800380508328	21.442448115545908	0.0
11.0	22.432910171942794	26.641759065831057	27.678236648990307	23.07434784937597	0.17274626385987465
12.0	23.74453052868211	25.14150375336197	27.46577817028622	23.648187547669703	0.0
13.0	23.44805446690119	26.186113080349383	25.79954789261781	24.38570912641618	0.18057543371543988
14.0	23.1992191156217	26.70116464091353	26.866968858224023	23.23264738524075	0.0
15.0	23.48001658042173	26.802786580555445	26.420367176113498	23.296829662909328	0.0
16.0	23.27944696270742	27.324267586612645	26.587508524208754	22.80877692647118	0.0
17.0	23.068180298715017	27.342987417599314	26.939173920601174	22.649658363084495	0.0
18.0	23.07620308342359	26.550068862235417	27.379089948787893	22.994638105553104	0.0
19.0	23.381068902349337	27.17852033107358	26.638319494029712	22.80209127254737	0.0
20.0	23.140385361092168	27.36304437937075	26.361533421583967	23.008009413400725	0.12702742455239546
21.0	23.58431278163317	27.142417799885006	25.537860858170536	23.73540856031128	0.0
22.0	23.71401446775509	25.825343976894384	26.880340166071644	23.580301389278883	0.0
23.0	22.642972709160684	26.607565485980185	27.372404294864083	23.013357936539773	0.36369957345527965
24.0	23.40914864882934	25.598031743484828	27.66389880594221	23.328920801743617	0.0
25.0	23.1604423228636	26.107478572479177	27.81365745383556	22.918421650821667	0.0
26.0	23.42920561060077	26.417692914543974	27.20927433912311	22.938478612593098	0.00534852313904823
27.0	23.549547381229356	26.270608528220148	26.85894607351545	23.320898017035045	0.0
28.0	23.410485779614103	27.38310134114218	26.72255873346972	22.483854145774	0.0
29.0	24.154253469900784	26.737624689112938	26.205439520765918	22.902682320220364	0.0
30.0	23.214237958976277	26.39665177974487	26.887385339502046	23.501724921776805	0.0
31.0	23.78283665935477	27.042426836445348	26.294740784334707	22.79706810764539	0.08292761221978492
32.0	23.105533554532805	27.20084555282029	26.434228834421493	23.25939205822541	0.0
33.0	23.745618025636222	27.100002676014878	26.674516310310686	22.41697663839011	0.06288634964810404
34.0	23.836415705376975	26.484757647940476	26.69218210529133	22.986644541391215	0.0
35.0	23.406505153259268	26.57207870432338	27.373845536072817	22.647570606344534	0.0
36.0	23.76387419834246	26.923643374526367	26.3184672441725	22.99401518295867	0.0
37.0	23.110914714980115	26.525529265255294	27.19104433642657	23.17251168333802	0.0
38.0	23.205100728675525	26.76007286755251	26.729264894985	23.30556150878697	0.0
39.0	23.414431553280995	26.335039254039284	27.36395059082018	22.88657860185954	0.0
40.0	22.681710977701545	26.81576972555746	27.530017152658665	22.972502144082334	0.0
41.0	24.011367596986513	26.25807662403818	26.9082281026301	22.63465508458672	0.18767259175849219
42.0	23.44139650872818	26.679269568015446	26.789209771270748	23.08878341779959	0.0013407341860402755
43.0	23.06959903446426	26.859326807026957	26.793616735952796	23.27745742255599	0.0
44.0	23.851931330472105	26.586641630901287	26.46459227467811	23.096834763948497	0.0
45.0	23.4485256633844	27.51603123071557	26.285852271202813	22.749590834697216	0.0
46.0	24.109563303540273	27.39753603349706	25.7803902622326	22.712510400730064	0.0
47.0	23.269519922672107	27.658146278595208	26.39351304908173	22.67882074965095	0.0
48.0	23.14860818305112	27.555692820023904	26.690926669441794	22.60477232748318	0.0
49.0	23.714608069628753	27.535862031913176	26.34180411540321	22.407725783054854	0.0
50.0	24.00854425278091	27.345639206835404	26.092213445107205	22.55360309527648	0.0
51.0	23.492882777531353	27.050821941744964	26.82903880532817	22.627256475395512	0.0
52.0	24.034311682374927	26.719281498312654	26.572730817322558	22.67367600198986	0.0
53.0	23.474342591969872	26.858564799246754	26.109355033963276	23.269890375949963	0.2878471988701325
54.0	22.94940796555436	26.605220667384284	26.990043057050595	23.44860064585576	0.006727664155005381
55.0	23.259476631488262	26.19400172302391	27.121473185440447	23.29043721731639	0.1346112427309929
56.0	23.393253888103413	26.22904463744698	27.61866289638457	22.75769204874436	0.0013465293206759577
57.0	23.66751525437427	26.559448283293598	26.818065489419592	22.95497097291254	0.0
58.0	23.241808579435222	26.794567794783358	26.68409139900841	23.26336494934253	0.016167277430480707
59.0	23.66115947497507	26.896746893782176	27.109667681858614	22.332425949384145	0.0
60.0	24.08121444171812	26.87464610240785	26.470191711381347	22.573947744492678	0.0
61.0	23.529967092841346	27.465339591088096	26.12747478016939	22.87721853590117	0.0
62.0	22.952810080133826	28.463696948439143	26.287672341688477	22.282330086609285	0.013490543129266385
63.0	22.509987043835025	27.627672209026127	26.41977974519542	23.389926581731807	0.052634420211617364
64.0	22.755501552585393	27.96678817334953	26.739570676387203	22.525988929391115	0.012150668286755772
65.0	23.058016421780465	27.97104580812446	26.389639152981847	22.54753673292999	0.0337618841832325
66.0	23.108199378630285	27.72389571795218	26.609482642172093	22.508442523301365	0.04997973794407673
67.0	23.46034319686529	27.66923388731253	26.173490068909604	22.69423050939062	0.0027023375219564923
68.0	22.975128413084615	26.768045417680455	26.37604758042714	23.880778588807786	0.0
69.0	22.541249661888017	27.557479037057075	27.276169867460105	22.625101433594807	0.0
70.0	23.345565832058174	26.62531991820927	27.23333378471705	22.795780465015504	0.0
71.0	23.0248980089725	27.084208671609222	27.367479432374186	22.52341388704409	0.0
72.0	23.8996018318453	26.928669466074172	27.082229198092055	22.089499503988478	0.0
73.0	22.98264509004649	26.848986380553775	27.386129705116495	22.752246049815273	0.02999277446796908
74.0	23.1985698569857	26.77117711771177	27.693894389438945	22.336358635863586	0.0
75.0	23.273563992479726	27.830625473524705	27.10525577349384	21.790554760501728	0.0
