# Position (bp)	A	C	G	T	N
0.0	21.916040074576408	26.20623245712881	31.07213833514311	20.65192894753017	0.15366018562150424
1.0	22.25623174488857	24.512863601808508	30.042411875325094	23.188492777977835	0.0
2.0	23.28142049399861	25.797043944053172	28.69953377641107	22.22200178553715	0.0
3.0	24.64463397299218	24.541972676301036	28.462844507620627	22.34462607596936	0.005922767116796968
4.0	26.842788064630263	22.10755985375634	28.812359948107087	22.23729213350631	0.0
5.0	25.886830952754668	24.943101553916183	26.569612305760476	22.60045518756867	0.0
6.0	24.95986216078631	23.272114970435055	23.826212945921604	27.94180992285703	0.0
7.0	23.13285510447411	25.621078555931277	25.783311506811827	25.462754832782785	0.0
8.0	23.099432316966116	25.44234408224576	25.75837381245001	25.699849788338113	0.0
9.0	27.54311519445634	24.043290380348036	24.191225133335927	24.22042278195196	0.0019465099077354304
10.0	25.308425763767268	25.83576571317377	26.345592527729128	22.51021599532983	0.0
11.0	24.240538332879535	25.82364152631374	25.996732661713796	23.60068458516473	0.3384028939281964
12.0	25.52633113664198	24.9703543865788	24.612663050873817	24.86732373009856	0.02332769580684668
13.0	24.899450133094994	25.101521363203606	24.92470903685857	25.072376474245633	0.0019429925971982047
14.0	25.105812915000193	25.057274880596438	25.443637634450354	24.234069817108686	0.1592047528443288
15.0	25.486351104725664	25.02621053857803	25.319380266376733	24.158350483438824	0.009707606880751757
16.0	25.020385974449578	25.455286762707257	24.938842076651262	23.973905952704538	0.6115792334873608
17.0	24.79711101619229	25.818351260047372	25.51547392536792	23.86906379839242	0.0
18.0	25.033976624082634	24.81846775132994	25.618374558303884	24.529181066283538	0.0
19.0	25.02621053857803	24.940783598027412	25.35626917252359	24.676736690870964	0.0
20.0	25.078631615734086	25.30967265949598	25.129111171513998	24.482584553255933	0.0
21.0	24.81264318720149	26.132877722983732	25.07280705160564	23.841882499126317	0.1397895390828253
22.0	24.663146041237912	24.828175358210693	25.579544130780878	24.92913446977051	0.0
23.0	24.8786549139906	25.600900865918536	25.672737156836096	23.847707063254767	0.0
24.0	25.03980118821108	25.6960354133499	25.655263464450744	23.606958412612123	0.0019415213761503514
25.0	25.006795324816526	25.29219896711063	25.79893604628587	23.902069661786975	0.0
26.0	24.822350794082244	25.253368539587623	25.84359103793733	24.08068962839281	0.0
27.0	24.884479478119054	25.59119325903778	25.22230419756922	24.302023065273946	0.0
28.0	25.321321787752883	25.193181376926958	25.329087873257482	24.123403098668117	0.033005863394555975
29.0	25.721275191239855	25.64167281481769	24.700034947384772	23.93701704655768	0.0
30.0	25.065040966101037	25.127169650137848	25.490234147477963	24.3078476294024	0.009707606880751757
31.0	24.488409117384382	25.69021084922145	25.40092416417505	24.272900244631693	0.14755562458742671
32.0	25.065040966101037	25.070865530229486	25.365976779404342	24.498116724265135	0.0
33.0	24.840789064926998	25.97662317489904	25.355312208760484	23.825333954644297	0.001941596769182976
34.0	25.49956306437518	25.167491989513547	25.755898630935043	23.386736576366637	0.19030973880959315
35.0	24.708212766783834	25.939448080321597	25.13157128153341	24.220767871361158	0.0
36.0	25.174336162856196	25.170451234436005	25.356927798605312	24.158427380975507	0.13985742312697888
37.0	24.36034425815476	25.25207390282284	25.65034095545237	24.71587045635576	0.021370427214267674
38.0	24.73425445500301	25.455216774519517	25.67869566062302	24.131833109854448	0.0
39.0	25.026723417487805	24.956756651701554	25.625327969214624	24.39119196159602	0.0
40.0	24.37801275073861	25.157440522469287	26.22064997667548	24.243896750116622	0.0
41.0	24.95529119042065	25.425705621646838	25.60454085996423	24.012518466682216	0.0019438612860586267
42.0	24.353640993740523	25.043738579370945	26.09346448427355	24.509155942614985	0.0
43.0	24.319856873383504	25.550823561441376	25.167726503704568	24.96159306147055	0.0
44.0	24.475388475077306	25.858145821583463	25.679223633287307	23.987242070051927	0.0
45.0	24.447599782152025	25.30343110557847	25.58352135688166	24.663502684198242	0.0019450711896055396
46.0	24.447038225853515	25.87880556366112	24.88668417469118	24.58126641377298	0.20620562202120418
47.0	23.96248808296204	25.958713543592037	25.40809774889585	24.670700624550072	0.0
48.0	24.936277848039694	25.376009339429906	25.570580795797255	23.980931997276002	0.13620001945714563
49.0	24.648312092616013	25.926646560949507	25.023835003404997	24.01400914485845	0.3871971981710283
50.0	24.309650300659698	25.59791386926655	25.882032420651136	24.210403409422618	0.0
51.0	24.645324511044077	25.702053128344847	25.733190619830694	23.919431740780382	0.0
52.0	25.0939026526283	25.804254325360525	24.967401669812972	24.037132903878714	0.0973084483194831
53.0	24.658894057652255	25.62819938883158	25.297312026782414	24.324113903108394	0.09148062362535765
54.0	23.931707127143888	25.255514240660347	26.02643720676699	24.786341425428777	0.0
55.0	24.3599976638698	25.99918235442989	25.358693324507954	24.28212665719236	0.0
56.0	24.654893791008742	25.26041159634742	25.634236093534003	24.45045851910983	0.0
57.0	24.28685476176568	25.914675701462315	25.470724536090504	24.214810055104465	0.11293494557703916
58.0	25.12510953169117	25.202998734300458	25.767695453217797	23.904196280790575	0.0
59.0	24.454267520884855	25.776488228535822	25.437657001538373	24.33158724904095	0.0
60.0	24.4405492258253	25.572110234686924	25.54094848573376	24.446392053754018	0.0
61.0	24.282625211852025	25.959908830576822	25.151462022480665	24.576782966123154	0.029220968967330955
62.0	24.314474479156516	25.450683089396037	26.202958429966284	24.031884001481163	0.0
63.0	24.32063628211626	25.98346914109712	24.97368318452961	24.710515029825725	0.01169636243128387
64.0	24.48673204780752	25.403107878882413	25.93928522685176	24.170874846458304	0.0
65.0	24.468105852298212	26.55863023849919	24.8132763899452	24.159987519257395	0.0
66.0	24.802980649188513	25.483770287141073	25.682740324594256	23.86665106117353	0.16385767790262173
67.0	23.20899016700484	26.958795067894492	25.376541282971747	24.42250663336975	0.033166848759169656
68.0	23.529067384813533	26.588997521612708	25.650332728372653	24.22965087914447	0.0019514860566321253
69.0	23.700449131029096	25.7410661980082	25.81527045498926	24.741261472368677	0.0019527436047646945
70.0	23.826827648185052	25.198296409174382	26.431055366701834	24.399249794865785	0.14457078107294963
71.0	24.05628069900785	26.426097336647032	25.56701434414199	23.950607620203126	0.0
72.0	24.49892135712885	25.916846440478526	26.016866052167092	23.567366150225535	0.0
73.0	24.434006760474805	25.931530540051885	25.676047480543986	23.95841521892933	0.0
74.0	24.10314345740675	25.920640583501804	26.150552978951126	23.825662980140326	0.0
75.0	23.949792489118334	26.58366231399939	25.98846037048284	23.43354590545602	0.04453892094341533
